12
13
42
534
756
346
234634
5
2
34
52
235
2
35
235
235
53
232
5
235
25
25
25
235
5
5
235
4
6
463
342
6
26
234
2
3462
246
2
626
6
2653
62562
626
62
2
626
6234
362
346
634
6234
3624
2346
6234
6
2346
2346
2346
234
6
2346
2
364
2346
624
626
457
789
06
7890
68
0
5
35
673
7
457
7
65
7
658
8
769
78
94
678
3
7
37
568
76876
9
897
46
5
83
35
573
57
6
78
7
76
76
54
37
54
7
345
73
45
7657
67
65
8
76
8
76
86
79
87
987
94768
567
86
78
576
58
768
5678
578
76
7
58
87
8
576
8
7
587
9876
12
13
42
534
756
346
234634
5
2
34
52
235
2
35
235
235
53
232
5
235
25
25
25
235
5
5
235
4
6
463
342
6
26
234
2
3462
246
2
626
6
2653
62562
626
62
2
626
6234
362
346
634
6234
3624
2346
6234
6
2346
2346
2346
234
6
2346
2
364
2346
624
626
457
789
06
7890
68
0
5
35
673
7
457
7
65
7
658
8
769
78
94
678
3
7
37
568
76876
9
897
46
5
83
35
573
57
6
78
7
76
76
54
37
54
7
345
73
45
7657
67
65
8
76
8
76
86
79
87
987
94768
567
86
78
576
58
768
5678
578
76
7
58
87
8
576
8
7
587
9876
12
13
42
534
756
346
234634
5
2
34
52
235
2
35
235
235
53
232
5
235
25
25
25
235
5
5
235
4
6
463
342
6
26
234
2
3462
246
2
626
6
2653
62562
626
62
2
626
6234
362
346
634
6234
3624
2346
6234
6
2346
2346
2346
234
6
2346
2
364
2346
624
626
457
789
06
7890
68
0
5
35
673
7
457
7
65
7
658
8
769
78
94
678
3
7
37
568
76876
9
897
46
5
83
35
573
57
6
78
7
76
76
54
37
54
7
345
73
45
7657
67
65
8
76
8
76
86
79
87
987
94768
567
86
78
576
58
768
5678
578
76
7
58
87
8
576
8
7
587
9876